0.29198912030943663,0.900103167692662,0
0.25132744881048386,0.9707979796215703,0
0.03976331886986812,0.9046336698085733,0
0.08463014180693906,0.9898531062796437,0
0.21029927494002537,0.7224470732376159,0
0.1369694326220997,0.6724844935755242,0
0.11809799547171301,0.7252063722346087,0
0.0795029634448242,0.8399269017373986,0
0.14325798840077109,0.7406098030928199,0
0.14182094476693513,0.876472149459697,0
0.12727953574176218,0.9986540584583194,0
0.0722673196511624,0.8333118769568778,0
0.331863972112117,0.8490218048056156,0
0.10023790665513882,0.9906427948871243,0
0.1828298047320183,0.8227541195507584,0
0.10895822852361053,0.7795564528569061,0
0.21173579206035117,0.6801540924695196,0
0.04722022914866324,1.0,0
0.01952634797010326,0.7140731409111793,0
0.1867966742988667,0.9406460157523621,0
0.2843723005524687,0.8389408843099747,0
0.11318554261111263,0.7029979718305724,0
0.20911601787015022,0.9798256885080212,0
0.32359566594999384,0.7442080636192868,0
0.31267093915267424,0.8212711979886379,0
0.018212744048747006,0.8968388485508264,0
0.2715586760332061,0.9328365739814719,0
0.022372510227830784,0.9046536070217113,0
0.31145815911718644,0.991984575758291,0
0.15976334100717896,0.9200008537380707,0
0.22696870039821396,0.7741228121338132,0
0.27858722030261496,0.9838658139214729,0
0.13700478286491413,0.9353713257235801,0
0.2182419619740179,0.9595853058779057,0
0.07931314320169876,0.9166034116457665,0
0.18030591871152526,0.6678393719026371,0
0.19421917479911857,0.912977066220757,0
0.0,0.7430624647412517,0
0.010339258199181968,0.9003892534526136,0
0.12440774103445952,0.7712547368650755,0
0.024695560621014013,0.914717923014995,0
0.25637662014732043,0.9083110963938903,0
0.10173830705306489,0.9602706559392797,0
0.2587180740844095,0.7857541895710763,0
0.11919329540458333,0.754255977956068,0
0.19575139723169904,0.864216518398331,0
0.0627111454299328,0.8714667444874803,0
0.32250722801732506,0.7728607292720898,0
0.08445184899431651,0.7314502059981816,0
0.3062851094166337,0.9821999495227489,0
0.4747198294570691,0.17474144080878065,1
0.4362697891918807,0.11656407833479221,1
0.3609193543290748,0.026153699890160382,1
0.5743183034058176,0.18400038061610594,1
0.46524660209234747,0.16352047130666247,1
0.5719291396014131,0.05197694997698327,1
0.41245456352823423,0.025323176488873125,1
0.4080651635106193,0.044333244654457496,1
0.6313213971399361,0.3174107601784592,1
0.354203843745465,0.2373729543879141,1
0.6022238804835472,0.028137171536730125,1
0.37205042821516626,0.11964616969873375,1
0.5670710813078652,0.11657030432273376,1
0.3853772422870284,0.3184697614293603,1
0.47613957756171565,0.0,1
0.5408932195832654,0.12775332906455483,1
0.553462634828508,0.29326802421591824,1
0.5681927574436699,0.2937728406557782,1
0.5288893408400752,0.10502407952080675,1
0.4950104061099309,0.2846290530756476,1
0.5109882232108337,0.24286171591926956,1
0.38392678982325734,0.1592514565701429,1
0.6015552551763206,0.1743737289885994,1
0.635452940506831,0.11149059572656318,1
0.44640289924246035,0.16976052477280865,1
0.6318946421346164,0.04122690453718224,1
0.35211326608781757,0.3224192900993504,1
0.5893885794547604,0.29988569945947197,1
0.6391123187106562,0.0478652529398342,1
0.48030442975343374,0.1586895979061068,1
0.583631452953261,0.2595957131862407,1
0.5563812621692767,0.1084883246725514,1
0.6032413872082106,0.034685432658029335,1
0.5827158253059923,0.00506853611324217,1
0.553580228097066,0.03552202240224974,1
0.5469080220151545,0.24967351530788467,1
0.36095123167339105,0.1883819813411099,1
0.42727958059946103,0.01658735225025397,1
0.6583225500699026,0.14799686268742177,1
0.5437909225072819,0.07367708522103034,1
0.6496490252125421,0.24925031001400602,1
0.34671712053689835,0.018561593602223685,1
0.4571060733492839,0.18847176981112876,1
0.461013375504248,0.147268910653804,1
0.4667018236838689,0.1478687759567443,1
0.34026779150227976,0.16064894952561015,1
0.40239358294505334,0.02166682027596317,1
0.5555450368755098,0.20070196735404466,1
0.5749044154019685,0.1831379561857465,1
0.4511338630860961,0.12331648133146907,1
0.9231258439959831,0.7831732854509964,2
0.8044920472480355,0.7428157823201562,2
0.8503962274113009,0.8492346894613068,2
0.9199256292355257,0.8749024435943332,2
0.6830041356065931,0.7375422958602855,2
0.6958916303749724,0.9610690140648507,2
0.7880928537472386,0.8618069989005661,2
0.7665212640792448,0.8247508741654354,2
0.9482383201905158,0.8952927757107764,2
0.7317450186668191,0.6960307210350006,2
0.7725131056043261,0.7182842728884696,2
0.7493040478261186,0.7099654533182416,2
0.8097976559637361,0.9415943358325591,2
0.7651062181612515,0.9888409759701204,2
0.6909146853120887,0.6707699519763872,2
0.9816119505762967,0.9858286005597038,2
0.988133596989527,0.6685534276241828,2
0.6918385355175865,0.6879768235824609,2
0.8837827055076656,0.7859777647423334,2
0.9099867278372469,0.9925901181229443,2
0.8160640020924674,0.7078515859231653,2
0.8387817103669408,0.7849663072090723,2
0.7201546435153251,0.8639943828211049,2
0.8747363843192264,0.9240732933837267,2
0.973493693188209,0.8826254898095991,2
0.9973853335473885,0.7890974397214214,2
0.7325785578288379,0.6879732285917731,2
0.7625386543817502,0.9378303146444549,2
0.997326873463676,0.8548672221092671,2
0.6828811508355291,0.8437994376015112,2
0.7152060939504401,0.6970298535319603,2
0.7702261201267699,0.695019409531724,2
0.9145009328836909,0.7422002414136672,2
0.965571258670417,0.7806948760851056,2
0.816815236479791,0.8054928257909215,2
0.9415753152102047,0.8679307866472175,2
0.7954670345081012,0.7970618413222621,2
0.8824439402164398,0.9554896230421749,2
1.0,0.8493828830236376,2
0.7691704368449113,0.7290378758348884,2
0.7813880186856684,0.9372209199276488,2
0.8281281033307334,0.8098524367158885,2
0.8937443902838054,0.9650691259295113,2
0.9071039620336406,0.9632140277796812,2
0.974516704795429,0.8340128756126969,2
0.8554741105388932,0.7402187498363483,2
0.7312698988466807,0.6751038999633223,2
0.8008508336784612,0.8013266352232888,2
0.7809239672351973,0.8241968309629575,2
0.6818650029505677,0.9273904156139403,2
